1.05 0.573004 0.359693 0.128106 0.0307664 4.99851 2.38426 0.607978 0.484868 0.168827 0.0129983 3.76267 2.73069 0.613461 0.594807 0.181306 0.00335198 3.42435 3.24035 
1.15 0.477475 0.270987 0.120871 0.0279624 4.30911 1.93513 0.50368 0.405574 0.149302 0.0107424 3.50559 2.59732 0.506563 0.482985 0.15246 0.00304921 3.36551 3.12669 
1.3 0.301715 0.191826 0.0967285 0.0302143 3.67784 1.55165 0.317794 0.295316 0.101599 0.00646239 3.24504 2.7936 0.362948 0.34599 0.123582 0.00191261 2.96524 2.77248 
1.5 0.206731 0.124238 0.0270033 0.00747026 8.58435 3.69776 0.227983 0.199195 0.0847595 0.00883485 2.86652 2.17901 0.235406 0.224534 0.0955195 0.00169999 2.49104 2.32428 
1.7 0.236964 0.0833135 0.0341564 0.00773519 7.23802 2.19805 0.14261 0.118961 0.0598252 0.00401066 2.46276 1.91614 0.151133 0.14416 0.0733695 0.00163369 2.08873 1.93693 
1.9 0.160837 0.0584115 0.0312531 0.0076449 5.4893 1.62528 0.0948468 0.077038 0.0452077 0.00358437 2.17685 1.63245 0.100891 0.0966132 0.058753 0.00120677 1.73576 1.62564 
2.1 0.03435 0.0138912 0.0584168 0.0234105 0.653829 0.171981 0.0605846 0.04446 0.0363183 0.00303895 1.72393 1.17128 0.0680852 0.0626919 0.047954 0.00102976 1.4345 1.29278 
2.3 0.0258382 0.0110878 0.0227962 0.00981558 1.28716 0.334048 0.0396018 0.0327411 0.0289915 0.00241404 1.40719 1.08439 0.0446699 0.0421188 0.0396087 0.000933208 1.13975 1.05072 
2.8 0.0191804 0.00711537 0.0134301 0.00452485 1.61159 0.419021 0.0154929 0.0126822 0.0205818 0.00110818 0.765902 0.603573 0.0195878 0.0189562 0.026034 0.000388505 0.757179 0.723348 
3.6 0.0021834 0.000367003 0.00930502 0.00252504 0.241492 0.0325966 0.00315332 0.00236382 0.0101961 0.000687575 0.313351 0.227752 0.00491719 0.00421622 0.0146531 0.000284708 0.33779 0.285658 
4.4 0.000184105 1.1714e-05 0.00833942 0.00508236 0.0250041 0.000218336 0.000753917 0.000538069 0.00555222 0.000442578 0.13819 0.0946433 0.00220557 0.00168826 0.00905434 0.000207296 0.245567 0.184887 
5.2 0.000525566 0 0.00371669 0.00247979 0.1557 -0.0142926 0.000749063 0.000485389 0.00359322 0.000363871 0.213291 0.130206 0.00153424 0.00131894 0.0057201 0.000171658 0.271419 0.22772 
6 8.1327e-05 0 0.00140736 0.000964791 0.0644304 -0.00604672 0.000715053 0.000388333 0.00234952 0.000257154 0.311536 0.159103 0.00116447 0.000948322 0.00400372 0.000137853 0.294988 0.233745 
6.8 0.000260611 0 0.00184522 0.00128701 0.167711 0 0.000393745 0.000185685 0.00150973 0.000192536 0.268338 0.118327 0.000881426 0.00068304 0.00304015 0.000111573 0.293975 0.221362 
8.4 0.000136138 3.90005e-06 0.000360434 0.000158624 0.402435 0.00330025 0.000239083 0.000141224 0.000883201 0.00010263 0.279709 0.153167 0.000580744 0.00047315 0.00160347 4.07051e-05 0.365537 0.292112 
10.8 9.64074e-05 3.70209e-06 8.84485e-05 4.25293e-05 1.18872 0.00958377 0.000148235 9.30158e-05 0.000331348 5.21313e-05 0.465155 0.262933 0.000297837 0.000267773 0.000786214 2.97776e-05 0.384749 0.335251 
13.2 7.68294e-05 0 6.85545e-05 3.48031e-05 1.20039 -0.0151532 0.000103675 4.72483e-05 0.000226054 5.56207e-05 0.493159 0.180392 0.000204813 0.000153222 0.000428865 2.22659e-05 0.488076 0.34826 
16.8 6.36926e-06 0 1.66325e-05 1.44257e-05 0.475346 -0.0267026 5.84223e-05 2.36648e-05 6.54142e-05 1.1125e-05 0.935401 0.336073 9.50229e-05 8.24436e-05 0.000191458 8.83023e-06 0.505999 0.422341 
21.6 4.34985e-06 0 5.45864e-06 5.23906e-06 0.950695 -0.153821 2.01858e-05 4.19951e-06 3.62163e-05 9.4203e-06 0.597725 0.101039 4.67686e-05 3.99347e-05 7.89334e-05 4.82537e-06 0.607363 0.491697 
26.4 4.73515e-06 0 2.12182e-05 2.12182e-05 0.269383 -0.0462188 1.06952e-05 1.00422e-06 1.88943e-05 6.53242e-06 0.625789 0.0411194 2.53033e-05 2.17802e-05 3.98638e-05 2.88859e-06 0.652069 0.529041 
32 3.13669e-06 0 3.62084e-06 3.62084e-06 1.0457 -0.179414 7.78692e-06 4.80972e-07 3.79883e-06 1.67598e-06 2.19537 0.0834469 1.27731e-05 9.40316e-06 2.36132e-05 2.28336e-06 0.562933 0.377221 
38.4 0 0 0 0 -nan -nan 5.0775e-06 0 2.43492e-07 1.77695e-07 24.1445 -0.935494 6.12749e-06 4.70586e-06 9.22753e-06 8.86842e-07 0.68828 0.488177 
44.8 0 0 0 0 -nan -nan 3.01071e-06 4.87123e-07 6.21366e-07 3.24963e-07 5.57119 0.403269 4.55142e-06 2.32452e-06 5.24501e-06 6.7356e-07 0.904593 0.414963 
54.4 0 0 0 0 -nan -nan 5.88992e-07 1.51999e-08 3.09905e-07 2.16295e-07 2.22363 0.0010817 2.05984e-06 1.42474e-06 2.1155e-06 2.39425e-07 1.01315 0.63956 
67.2 0 0 0 0 -nan -nan 0 0 0 0 -nan -nan 8.82749e-07 5.63875e-07 8.47317e-07 1.60306e-07 1.1317 0.596562 
80 0 0 0 0 -nan -nan 3.29015e-07 0 1.43696e-07 1.43696e-07 2.76386 -0.474204 3.49988e-07 2.32079e-07 2.25363e-07 4.35417e-08 1.66439 0.916255 
95 0 0 0 0 -nan -nan 0 0 0 0 -nan -nan 1.90561e-07 1.2207e-07 1.19587e-07 2.24626e-08 1.68807 0.92595 
141.8 0 0 0 0 -nan -nan 0 0 0 0 -nan -nan 2.28608e-08 1.57253e-08 4.64278e-08 1.22654e-08 0.553405 0.279949 
230 0 0 0 0 -nan -nan 0 0 0 0 -nan -nan 6.76008e-10 2.08491e-10 6.44903e-10 2.10638e-10 1.14222 0.260762 
340 0 0 0 0 -nan -nan 0 0 0 0 -nan -nan 2.86906e-11 0 3.34243e-11 3.34243e-11 1.03615 -0.177775 
500 0 0 0 0 -nan -nan 0 0 0 0 -nan -nan 0 0 0 0 -nan -nan 
